resolution_m: 0.150000
min_turning_radius_m: 1.000000
numberofangles: 16
angle:0 0.0000
angle:1 0.3927
angle:2 0.7854
angle:3 1.1781
angle:4 1.5708
angle:5 1.9635
angle:6 2.3562
angle:7 2.7489
angle:8 3.1416
angle:9 3.5343
angle:10 3.9270
angle:11 4.3197
angle:12 4.7124
angle:13 5.1051
angle:14 5.4978
angle:15 5.8905
totalnumberofprimitives: 176
primID: 0
startangle_c: 0
endpose_c: 1 0 0
additionalactioncostmult: 1
intermediateposes: 10
0.0000 0.0000 0.0000
0.0167 0.0000 0.0000
0.0333 0.0000 0.0000
0.0500 0.0000 0.0000
0.0667 0.0000 0.0000
0.0833 0.0000 0.0000
0.1000 0.0000 0.0000
0.1167 0.0000 0.0000
0.1333 0.0000 0.0000
0.1500 0.0000 0.0000
primID: 1
startangle_c: 0
endpose_c: 10 0 0
additionalactioncostmult: 1
intermediateposes: 10
0.0000 0.0000 0.0000
0.1667 0.0000 0.0000
0.3333 0.0000 0.0000
0.5000 0.0000 0.0000
0.6667 0.0000 0.0000
0.8333 0.0000 0.0000
1.0000 0.0000 0.0000
1.1667 0.0000 0.0000
1.3333 0.0000 0.0000
1.5000 0.0000 0.0000
primID: 2
startangle_c: 0
endpose_c: -1 0 0
additionalactioncostmult: 1
intermediateposes: 10
0.0000 0.0000 0.0000
-0.0167 0.0000 0.0000
-0.0333 0.0000 0.0000
-0.0500 0.0000 0.0000
-0.0667 0.0000 0.0000
-0.0833 0.0000 0.0000
-0.1000 0.0000 0.0000
-0.1167 0.0000 0.0000
-0.1333 0.0000 0.0000
-0.1500 0.0000 0.0000
primID: 3
startangle_c: 0
endpose_c: 10 1 1
additionalactioncostmult: 2
intermediateposes: 10
0.0000 0.0000 0.0000
0.1689 0.0000 0.0000
0.3377 0.0000 0.0000
0.5066 0.0000 0.0000
0.6754 0.0000 0.0000
0.8443 0.0025 0.0499
1.0123 0.0181 0.1356
1.1785 0.0481 0.2213
1.3414 0.0921 0.3070
1.5000 0.1500 0.3927
primID: 4
startangle_c: 0
endpose_c: 10 -1 -1
additionalactioncostmult: 2
intermediateposes: 10
0.0000 0.0000 0.0000
0.1689 -0.0000 0.0000
0.3377 -0.0000 0.0000
0.5066 -0.0000 0.0000
0.6754 -0.0000 0.0000
0.8443 -0.0025 -0.0499
1.0123 -0.0181 -0.1356
1.1785 -0.0481 -0.2213
1.3414 -0.0921 -0.3070
1.5000 -0.1500 -0.3927
primID: 5
startangle_c: 0
endpose_c: 9 2 2
additionalactioncostmult: 2
intermediateposes: 10
0.0000 0.0000 0.0000
0.1589 0.0000 0.0000
0.3178 0.0000 0.0000
0.4767 0.0000 0.0000
0.6356 0.0000 0.0097
0.7938 0.0139 0.1648
0.9479 0.0520 0.3200
1.0943 0.1134 0.4751
1.2294 0.1968 0.6303
1.3500 0.3000 0.7854
primID: 6
startangle_c: 0
endpose_c: 9 -2 -2
additionalactioncostmult: 2
intermediateposes: 10
0.0000 0.0000 0.0000
0.1589 -0.0000 0.0000
0.3178 -0.0000 0.0000
0.4767 -0.0000 0.0000
0.6356 -0.0000 -0.0097
0.7938 -0.0139 -0.1648
0.9479 -0.0520 -0.3200
1.0943 -0.1134 -0.4751
1.2294 -0.1968 -0.6303
1.3500 -0.3000 -0.7854
primID: 7
startangle_c: 0
endpose_c: -10 -1 1
additionalactioncostmult: 1
intermediateposes: 10
0.0000 0.0000 0.0000
-0.1689 -0.0000 0.0000
-0.3377 -0.0000 0.0000
-0.5066 -0.0000 0.0000
-0.6754 -0.0000 0.0000
-0.8443 -0.0025 0.0499
-1.0123 -0.0181 0.1356
-1.1785 -0.0481 0.2213
-1.3414 -0.0921 0.3070
-1.5000 -0.1500 0.3927
primID: 8
startangle_c: 0
endpose_c: -10 1 -1
additionalactioncostmult: 1
intermediateposes: 10
0.0000 0.0000 0.0000
-0.1689 0.0000 0.0000
-0.3377 0.0000 0.0000
-0.5066 0.0000 0.0000
-0.6754 0.0000 0.0000
-0.8443 0.0025 -0.0499
-1.0123 0.0181 -0.1356
-1.1785 0.0481 -0.2213
-1.3414 0.0921 -0.3070
-1.5000 0.1500 -0.3927
primID: 9
startangle_c: 0
endpose_c: -9 -2 2
additionalactioncostmult: 1
intermediateposes: 10
0.0000 0.0000 0.0000
-0.1589 -0.0000 0.0000
-0.3178 -0.0000 0.0000
-0.4767 -0.0000 0.0000
-0.6356 -0.0000 0.0097
-0.7938 -0.0139 0.1648
-0.9479 -0.0520 0.3200
-1.0943 -0.1134 0.4751
-1.2294 -0.1968 0.6303
-1.3500 -0.3000 0.7854
primID: 10
startangle_c: 0
endpose_c: -9 2 -2
additionalactioncostmult: 1
intermediateposes: 10
0.0000 0.0000 0.0000
-0.1589 0.0000 0.0000
-0.3178 0.0000 0.0000
-0.4767 0.0000 0.0000
-0.6356 0.0000 -0.0097
-0.7938 0.0139 -0.1648
-0.9479 0.0520 -0.3200
-1.0943 0.1134 -0.4751
-1.2294 0.1968 -0.6303
-1.3500 0.3000 -0.7854
primID: 0
startangle_c: 1
endpose_c: 10 5 1
additionalactioncostmult: 1
intermediateposes: 10
0.0000 0.0000 0.3927
0.1667 0.0833 0.3927
0.3333 0.1667 0.3927
0.5000 0.2500 0.3927
0.6667 0.3333 0.3927
0.8333 0.4167 0.3927
1.0000 0.5000 0.3927
1.1667 0.5833 0.3927
1.3333 0.6667 0.3927
1.5000 0.7500 0.3927
primID: 1
startangle_c: 1
endpose_c: 2 1 1
additionalactioncostmult: 1
intermediateposes: 10
0.0000 0.0000 0.3927
0.0333 0.0167 0.3927
0.0667 0.0333 0.3927
0.1000 0.0500 0.3927
0.1333 0.0667 0.3927
0.1667 0.0833 0.3927
0.2000 0.1000 0.3927
0.2333 0.1167 0.3927
0.2667 0.1333 0.3927
0.3000 0.1500 0.3927
primID: 2
startangle_c: 1
endpose_c: -2 -1 1
additionalactioncostmult: 1
intermediateposes: 10
0.0000 0.0000 0.3927
-0.0333 -0.0167 0.3927
-0.0667 -0.0333 0.3927
-0.1000 -0.0500 0.3927
-0.1333 -0.0667 0.3927
-0.1667 -0.0833 0.3927
-0.2000 -0.1000 0.3927
-0.2333 -0.1167 0.3927
-0.2667 -0.1333 0.3927
-0.3000 -0.1500 0.3927
primID: 3
startangle_c: 1
endpose_c: 9 6 3
additionalactioncostmult: 2
intermediateposes: 10
0.0000 0.0000 0.3927
0.1720 0.0713 0.3927
0.3441 0.1425 0.3927
0.5161 0.2138 0.3927
0.6881 0.2850 0.3927
0.8582 0.3605 0.4853
1.0146 0.4611 0.6585
1.1513 0.5872 0.8317
1.2642 0.7350 1.0049
1.3500 0.9000 1.1781
primID: 4
startangle_c: 1
endpose_c: 11 4 0
additionalactioncostmult: 2
intermediateposes: 10
0.0000 0.0000 0.3927
0.1811 0.0750 0.3927
0.3622 0.1500 0.3927
0.5433 0.2250 0.3927
0.7244 0.3001 0.3927
0.9055 0.3751 0.3927
1.0866 0.4501 0.3927
1.2677 0.5251 0.3871
1.4552 0.5811 0.1935
1.6500 0.6000 -0.0000
primID: 5
startangle_c: 1
endpose_c: 8 7 3
additionalactioncostmult: 2
intermediateposes: 10
0.0000 0.0000 0.3927
0.1691 0.0700 0.3927
0.3372 0.1421 0.4436
0.4981 0.2292 0.5486
0.6490 0.3326 0.6535
0.7882 0.4513 0.7584
0.9142 0.5839 0.8633
1.0256 0.7290 0.9683
1.1212 0.8849 1.0732
1.2000 1.0500 1.1781
primID: 6
startangle_c: 1
endpose_c: 12 3 -1
additionalactioncostmult: 2
intermediateposes: 10
0.0000 0.0000 0.3927
0.1959 0.0811 0.3927
0.3918 0.1623 0.3927
0.5876 0.2434 0.3927
0.7835 0.3245 0.3927
0.9794 0.4057 0.3927
1.1770 0.4822 0.2895
1.3853 0.5192 0.0621
1.5966 0.5083 -0.1653
1.8000 0.4500 -0.3927
primID: 7
startangle_c: 1
endpose_c: -11 -4 0
additionalactioncostmult: 1
intermediateposes: 10
0.0000 0.0000 0.3927
-0.1811 -0.0750 0.3927
-0.3622 -0.1500 0.3927
-0.5433 -0.2250 0.3927
-0.7244 -0.3001 0.3927
-0.9055 -0.3751 0.3927
-1.0866 -0.4501 0.3927
-1.2677 -0.5251 0.3871
-1.4552 -0.5811 0.1935
-1.6500 -0.6000 -0.0000
primID: 8
startangle_c: 1
endpose_c: -9 -6 2
additionalactioncostmult: 1
intermediateposes: 10
0.0000 0.0000 0.3927
-0.1662 -0.0728 0.4345
-0.3291 -0.1527 0.4783
-0.4883 -0.2397 0.5222
-0.6435 -0.3337 0.5661
-0.7945 -0.4343 0.6099
-0.9409 -0.5415 0.6538
-1.0825 -0.6550 0.6977
-1.2189 -0.7745 0.7415
-1.3500 -0.9000 0.7854
primID: 9
startangle_c: 1
endpose_c: -12 -3 -1
additionalactioncostmult: 1
intermediateposes: 10
0.0000 0.0000 0.3927
-0.1959 -0.0811 0.3927
-0.3918 -0.1623 0.3927
-0.5876 -0.2434 0.3927
-0.7835 -0.3245 0.3927
-0.9794 -0.4057 0.3927
-1.1770 -0.4822 0.2895
-1.3853 -0.5192 0.0621
-1.5966 -0.5083 -0.1653
-1.8000 -0.4500 -0.3927
primID: 10
startangle_c: 1
endpose_c: -8 -7 3
additionalactioncostmult: 1
intermediateposes: 10
0.0000 0.0000 0.3927
-0.1691 -0.0700 0.3927
-0.3372 -0.1421 0.4436
-0.4981 -0.2292 0.5486
-0.6490 -0.3326 0.6535
-0.7882 -0.4513 0.7584
-0.9142 -0.5839 0.8633
-1.0256 -0.7290 0.9683
-1.1212 -0.8849 1.0732
-1.2000 -1.0500 1.1781
primID: 0
startangle_c: 2
endpose_c: 1 1 2
additionalactioncostmult: 1
intermediateposes: 10
0.0000 0.0000 0.7854
0.0167 0.0167 0.7854
0.0333 0.0333 0.7854
0.0500 0.0500 0.7854
0.0667 0.0667 0.7854
0.0833 0.0833 0.7854
0.1000 0.1000 0.7854
0.1167 0.1167 0.7854
0.1333 0.1333 0.7854
0.1500 0.1500 0.7854
primID: 1
startangle_c: 2
endpose_c: 7 7 2
additionalactioncostmult: 1
intermediateposes: 10
0.0000 0.0000 0.7854
0.1167 0.1167 0.7854
0.2333 0.2333 0.7854
0.3500 0.3500 0.7854
0.4667 0.4667 0.7854
0.5833 0.5833 0.7854
0.7000 0.7000 0.7854
0.8167 0.8167 0.7854
0.9333 0.9333 0.7854
1.0500 1.0500 0.7854
primID: 2
startangle_c: 2
endpose_c: -1 -1 2
additionalactioncostmult: 1
intermediateposes: 10
0.0000 0.0000 0.7854
-0.0167 -0.0167 0.7854
-0.0333 -0.0333 0.7854
-0.0500 -0.0500 0.7854
-0.0667 -0.0667 0.7854
-0.0833 -0.0833 0.7854
-0.1000 -0.1000 0.7854
-0.1167 -0.1167 0.7854
-0.1333 -0.1333 0.7854
-0.1500 -0.1500 0.7854
primID: 3
startangle_c: 2
endpose_c: 8 6 1
additionalactioncostmult: 2
intermediateposes: 10
0.0000 0.0000 0.7854
0.1189 0.1189 0.7854
0.2377 0.2377 0.7854
0.3575 0.3556 0.7546
0.4834 0.4670 0.6943
0.6157 0.5706 0.6340
0.7541 0.6660 0.5737
0.8979 0.7529 0.5133
1.0467 0.8310 0.4530
1.2000 0.9000 0.3927
primID: 4
startangle_c: 2
endpose_c: 6 8 3
additionalactioncostmult: 2
intermediateposes: 10
0.0000 0.0000 0.7854
0.1189 0.1189 0.7854
0.2377 0.2377 0.7854
0.3556 0.3575 0.8162
0.4670 0.4834 0.8765
0.5706 0.6157 0.9368
0.6660 0.7541 0.9971
0.7529 0.8979 1.0575
0.8310 1.0467 1.1178
0.9000 1.2000 1.1781
primID: 5
startangle_c: 2
endpose_c: 9 5 0
additionalactioncostmult: 2
intermediateposes: 10
0.0000 0.0000 0.7854
0.1256 0.1256 0.7854
0.2512 0.2512 0.7854
0.3780 0.3754 0.7356
0.5166 0.4863 0.6130
0.6678 0.5793 0.4904
0.8292 0.6531 0.3678
0.9984 0.7067 0.2452
1.1729 0.7391 0.1226
1.3500 0.7500 0.0000
primID: 6
startangle_c: 2
endpose_c: 5 9 4
additionalactioncostmult: 2
intermediateposes: 10
0.0000 0.0000 0.7854
0.1256 0.1256 0.7854
0.2512 0.2512 0.7854
0.3754 0.3780 0.8352
0.4863 0.5166 0.9578
0.5793 0.6678 1.0804
0.6531 0.8292 1.2030
0.7067 0.9984 1.3256
0.7391 1.1729 1.4482
0.7500 1.3500 1.5708
primID: 7
startangle_c: 2
endpose_c: -6 -8 3
additionalactioncostmult: 1
intermediateposes: 10
0.0000 0.0000 0.7854
-0.1189 -0.1189 0.7854
-0.2377 -0.2377 0.7854
-0.3556 -0.3575 0.8162
-0.4670 -0.4834 0.8765
-0.5706 -0.6157 0.9368
-0.6660 -0.7541 0.9971
-0.7529 -0.8979 1.0575
-0.8310 -1.0467 1.1178
-0.9000 -1.2000 1.1781
primID: 8
startangle_c: 2
endpose_c: -8 -6 1
additionalactioncostmult: 1
intermediateposes: 10
0.0000 0.0000 0.7854
-0.1189 -0.1189 0.7854
-0.2377 -0.2377 0.7854
-0.3575 -0.3556 0.7546
-0.4834 -0.4670 0.6943
-0.6157 -0.5706 0.6340
-0.7541 -0.6660 0.5737
-0.8979 -0.7529 0.5133
-1.0467 -0.8310 0.4530
-1.2000 -0.9000 0.3927
primID: 9
startangle_c: 2
endpose_c: -5 -9 4
additionalactioncostmult: 1
intermediateposes: 10
0.0000 0.0000 0.7854
-0.1256 -0.1256 0.7854
-0.2512 -0.2512 0.7854
-0.3754 -0.3780 0.8352
-0.4863 -0.5166 0.9578
-0.5793 -0.6678 1.0804
-0.6531 -0.8292 1.2030
-0.7067 -0.9984 1.3256
-0.7391 -1.1729 1.4482
-0.7500 -1.3500 1.5708
primID: 10
startangle_c: 2
endpose_c: -9 -5 0
additionalactioncostmult: 1
intermediateposes: 10
0.0000 0.0000 0.7854
-0.1256 -0.1256 0.7854
-0.2512 -0.2512 0.7854
-0.3780 -0.3754 0.7356
-0.5166 -0.4863 0.6130
-0.6678 -0.5793 0.4904
-0.8292 -0.6531 0.3678
-0.9984 -0.7067 0.2452
-1.1729 -0.7391 0.1226
-1.3500 -0.7500 0.0000
primID: 0
startangle_c: 3
endpose_c: 5 10 3
additionalactioncostmult: 1
intermediateposes: 10
0.0000 0.0000 1.1781
0.0833 0.1667 1.1781
0.1667 0.3333 1.1781
0.2500 0.5000 1.1781
0.3333 0.6667 1.1781
0.4167 0.8333 1.1781
0.5000 1.0000 1.1781
0.5833 1.1667 1.1781
0.6667 1.3333 1.1781
0.7500 1.5000 1.1781
primID: 1
startangle_c: 3
endpose_c: 1 2 3
additionalactioncostmult: 1
intermediateposes: 10
0.0000 0.0000 1.1781
0.0167 0.0333 1.1781
0.0333 0.0667 1.1781
0.0500 0.1000 1.1781
0.0667 0.1333 1.1781
0.0833 0.1667 1.1781
0.1000 0.2000 1.1781
0.1167 0.2333 1.1781
0.1333 0.2667 1.1781
0.1500 0.3000 1.1781
primID: 2
startangle_c: 3
endpose_c: -1 -2 3
additionalactioncostmult: 1
intermediateposes: 10
0.0000 0.0000 1.1781
-0.0167 -0.0333 1.1781
-0.0333 -0.0667 1.1781
-0.0500 -0.1000 1.1781
-0.0667 -0.1333 1.1781
-0.0833 -0.1667 1.1781
-0.1000 -0.2000 1.1781
-0.1167 -0.2333 1.1781
-0.1333 -0.2667 1.1781
-0.1500 -0.3000 1.1781
primID: 3
startangle_c: 3
endpose_c: 6 9 1
additionalactioncostmult: 2
intermediateposes: 10
0.0000 0.0000 1.1781
0.0713 0.1720 1.1781
0.1425 0.3441 1.1781
0.2138 0.5161 1.1781
0.2850 0.6881 1.1781
0.3605 0.8582 1.0855
0.4611 1.0146 0.9123
0.5872 1.1513 0.7391
0.7350 1.2642 0.5659
0.9000 1.3500 0.3927
primID: 4
startangle_c: 3
endpose_c: 4 11 4
additionalactioncostmult: 2
intermediateposes: 10
0.0000 0.0000 1.1781
0.0750 0.1811 1.1781
0.1500 0.3622 1.1781
0.2250 0.5433 1.1781
0.3001 0.7244 1.1781
0.3751 0.9055 1.1781
0.4501 1.0866 1.1781
0.5251 1.2677 1.1837
0.5811 1.4552 1.3773
0.6000 1.6500 1.5708
primID: 5
startangle_c: 3
endpose_c: 7 8 1
additionalactioncostmult: 2
intermediateposes: 10
0.0000 0.0000 1.1781
0.0700 0.1691 1.1781
0.1421 0.3372 1.1272
0.2292 0.4981 1.0222
0.3326 0.6490 0.9173
0.4513 0.7882 0.8124
0.5839 0.9142 0.7075
0.7290 1.0256 0.6025
0.8849 1.1212 0.4976
1.0500 1.2000 0.3927
primID: 6
startangle_c: 3
endpose_c: 3 12 5
additionalactioncostmult: 2
intermediateposes: 10
0.0000 0.0000 1.1781
0.0811 0.1959 1.1781
0.1623 0.3918 1.1781
0.2434 0.5876 1.1781
0.3245 0.7835 1.1781
0.4057 0.9794 1.1781
0.4822 1.1770 1.2813
0.5192 1.3853 1.5087
0.5083 1.5966 1.7361
0.4500 1.8000 1.9635
primID: 7
startangle_c: 3
endpose_c: -4 -11 4
additionalactioncostmult: 1
intermediateposes: 10
0.0000 0.0000 1.1781
-0.0750 -0.1811 1.1781
-0.1500 -0.3622 1.1781
-0.2250 -0.5433 1.1781
-0.3001 -0.7244 1.1781
-0.3751 -0.9055 1.1781
-0.4501 -1.0866 1.1781
-0.5251 -1.2677 1.1837
-0.5811 -1.4552 1.3773
-0.6000 -1.6500 1.5708
primID: 8
startangle_c: 3
endpose_c: -6 -9 2
additionalactioncostmult: 1
intermediateposes: 10
0.0000 0.0000 1.1781
-0.0728 -0.1662 1.1363
-0.1527 -0.3291 1.0925
-0.2397 -0.4883 1.0486
-0.3337 -0.6435 1.0047
-0.4343 -0.7945 0.9609
-0.5415 -0.9409 0.9170
-0.6550 -1.0825 0.8731
-0.7745 -1.2189 0.8293
-0.9000 -1.3500 0.7854
primID: 9
startangle_c: 3
endpose_c: -3 -12 5
additionalactioncostmult: 1
intermediateposes: 10
0.0000 0.0000 1.1781
-0.0811 -0.1959 1.1781
-0.1623 -0.3918 1.1781
-0.2434 -0.5876 1.1781
-0.3245 -0.7835 1.1781
-0.4057 -0.9794 1.1781
-0.4822 -1.1770 1.2813
-0.5192 -1.3853 1.5087
-0.5083 -1.5966 1.7361
-0.4500 -1.8000 1.9635
primID: 10
startangle_c: 3
endpose_c: -7 -8 1
additionalactioncostmult: 1
intermediateposes: 10
0.0000 0.0000 1.1781
-0.0700 -0.1691 1.1781
-0.1421 -0.3372 1.1272
-0.2292 -0.4981 1.0222
-0.3326 -0.6490 0.9173
-0.4513 -0.7882 0.8124
-0.5839 -0.9142 0.7075
-0.7290 -1.0256 0.6025
-0.8849 -1.1212 0.4976
-1.0500 -1.2000 0.3927
primID: 0
startangle_c: 4
endpose_c: 0 1 4
additionalactioncostmult: 1
intermediateposes: 10
0.0000 0.0000 1.5708
0.0000 0.0167 1.5708
0.0000 0.0333 1.5708
0.0000 0.0500 1.5708
0.0000 0.0667 1.5708
0.0000 0.0833 1.5708
0.0000 0.1000 1.5708
0.0000 0.1167 1.5708
0.0000 0.1333 1.5708
0.0000 0.1500 1.5708
primID: 1
startangle_c: 4
endpose_c: 0 10 4
additionalactioncostmult: 1
intermediateposes: 10
0.0000 0.0000 1.5708
0.0000 0.1667 1.5708
0.0000 0.3333 1.5708
0.0000 0.5000 1.5708
0.0000 0.6667 1.5708
0.0000 0.8333 1.5708
0.0000 1.0000 1.5708
0.0000 1.1667 1.5708
0.0000 1.3333 1.5708
0.0000 1.5000 1.5708
primID: 2
startangle_c: 4
endpose_c: 0 -1 4
additionalactioncostmult: 1
intermediateposes: 10
0.0000 0.0000 1.5708
0.0000 -0.0167 1.5708
0.0000 -0.0333 1.5708
0.0000 -0.0500 1.5708
0.0000 -0.0667 1.5708
0.0000 -0.0833 1.5708
0.0000 -0.1000 1.5708
0.0000 -0.1167 1.5708
0.0000 -0.1333 1.5708
0.0000 -0.1500 1.5708
primID: 3
startangle_c: 4
endpose_c: -1 10 5
additionalactioncostmult: 2
intermediateposes: 10
0.0000 0.0000 1.5708
0.0000 0.1689 1.5708
0.0000 0.3377 1.5708
0.0000 0.5066 1.5708
0.0000 0.6754 1.5708
-0.0025 0.8443 1.6207
-0.0181 1.0123 1.7064
-0.0481 1.1785 1.7921
-0.0921 1.3414 1.8778
-0.1500 1.5000 1.9635
primID: 4
startangle_c: 4
endpose_c: 1 10 3
additionalactioncostmult: 2
intermediateposes: 10
0.0000 0.0000 1.5708
-0.0000 0.1689 1.5708
-0.0000 0.3377 1.5708
-0.0000 0.5066 1.5708
-0.0000 0.6754 1.5708
0.0025 0.8443 1.5209
0.0181 1.0123 1.4352
0.0481 1.1785 1.3495
0.0921 1.3414 1.2638
0.1500 1.5000 1.1781
primID: 5
startangle_c: 4
endpose_c: -2 9 6
additionalactioncostmult: 2
intermediateposes: 10
0.0000 0.0000 1.5708
-0.0000 0.1589 1.5708
-0.0000 0.3178 1.5708
-0.0000 0.4767 1.5708
-0.0000 0.6356 1.5805
-0.0139 0.7938 1.7356
-0.0520 0.9479 1.8908
-0.1134 1.0943 2.0459
-0.1968 1.2294 2.2010
-0.3000 1.3500 2.3562
primID: 6
startangle_c: 4
endpose_c: 2 9 2
additionalactioncostmult: 2
intermediateposes: 10
0.0000 0.0000 1.5708
-0.0000 0.1589 1.5708
-0.0000 0.3178 1.5708
-0.0000 0.4767 1.5708
0.0000 0.6356 1.5611
0.0139 0.7938 1.4060
0.0520 0.9479 1.2508
0.1134 1.0943 1.0957
0.1968 1.2294 0.9405
0.3000 1.3500 0.7854
primID: 7
startangle_c: 4
endpose_c: 1 -10 5
additionalactioncostmult: 1
intermediateposes: 10
0.0000 0.0000 1.5708
-0.0000 -0.1689 1.5708
-0.0000 -0.3377 1.5708
-0.0000 -0.5066 1.5708
-0.0000 -0.6754 1.5708
0.0025 -0.8443 1.6207
0.0181 -1.0123 1.7064
0.0481 -1.1785 1.7921
0.0921 -1.3414 1.8778
0.1500 -1.5000 1.9635
primID: 8
startangle_c: 4
endpose_c: -1 -10 3
additionalactioncostmult: 1
intermediateposes: 10
0.0000 0.0000 1.5708
0.0000 -0.1689 1.5708
0.0000 -0.3377 1.5708
0.0000 -0.5066 1.5708
0.0000 -0.6754 1.5708
-0.0025 -0.8443 1.5209
-0.0181 -1.0123 1.4352
-0.0481 -1.1785 1.3495
-0.0921 -1.3414 1.2638
-0.1500 -1.5000 1.1781
primID: 9
startangle_c: 4
endpose_c: 2 -9 6
additionalactioncostmult: 1
intermediateposes: 10
0.0000 0.0000 1.5708
0.0000 -0.1589 1.5708
0.0000 -0.3178 1.5708
0.0000 -0.4767 1.5708
0.0000 -0.6356 1.5805
0.0139 -0.7938 1.7356
0.0520 -0.9479 1.8908
0.1134 -1.0943 2.0459
0.1968 -1.2294 2.2010
0.3000 -1.3500 2.3562
primID: 10
startangle_c: 4
endpose_c: -2 -9 2
additionalactioncostmult: 1
intermediateposes: 10
0.0000 0.0000 1.5708
0.0000 -0.1589 1.5708
0.0000 -0.3178 1.5708
0.0000 -0.4767 1.5708
-0.0000 -0.6356 1.5611
-0.0139 -0.7938 1.4060
-0.0520 -0.9479 1.2508
-0.1134 -1.0943 1.0957
-0.1968 -1.2294 0.9405
-0.3000 -1.3500 0.7854
primID: 0
startangle_c: 5
endpose_c: -5 10 5
additionalactioncostmult: 1
intermediateposes: 10
0.0000 0.0000 1.9635
-0.0833 0.1667 1.9635
-0.1667 0.3333 1.9635
-0.2500 0.5000 1.9635
-0.3333 0.6667 1.9635
-0.4167 0.8333 1.9635
-0.5000 1.0000 1.9635
-0.5833 1.1667 1.9635
-0.6667 1.3333 1.9635
-0.7500 1.5000 1.9635
primID: 1
startangle_c: 5
endpose_c: -1 2 5
additionalactioncostmult: 1
intermediateposes: 10
0.0000 0.0000 1.9635
-0.0167 0.0333 1.9635
-0.0333 0.0667 1.9635
-0.0500 0.1000 1.9635
-0.0667 0.1333 1.9635
-0.0833 0.1667 1.9635
-0.1000 0.2000 1.9635
-0.1167 0.2333 1.9635
-0.1333 0.2667 1.9635
-0.1500 0.3000 1.9635
primID: 2
startangle_c: 5
endpose_c: 1 -2 5
additionalactioncostmult: 1
intermediateposes: 10
0.0000 0.0000 1.9635
0.0167 -0.0333 1.9635
0.0333 -0.0667 1.9635
0.0500 -0.1000 1.9635
0.0667 -0.1333 1.9635
0.0833 -0.1667 1.9635
0.1000 -0.2000 1.9635
0.1167 -0.2333 1.9635
0.1333 -0.2667 1.9635
0.1500 -0.3000 1.9635
primID: 3
startangle_c: 5
endpose_c: -6 9 7
additionalactioncostmult: 2
intermediateposes: 10
0.0000 0.0000 1.9635
-0.0713 0.1720 1.9635
-0.1425 0.3441 1.9635
-0.2138 0.5161 1.9635
-0.2850 0.6881 1.9635
-0.3605 0.8582 2.0561
-0.4611 1.0146 2.2293
-0.5872 1.1513 2.4025
-0.7350 1.2642 2.5757
-0.9000 1.3500 2.7489
primID: 4
startangle_c: 5
endpose_c: -4 11 4
additionalactioncostmult: 2
intermediateposes: 10
0.0000 0.0000 1.9635
-0.0750 0.1811 1.9635
-0.1500 0.3622 1.9635
-0.2250 0.5433 1.9635
-0.3001 0.7244 1.9635
-0.3751 0.9055 1.9635
-0.4501 1.0866 1.9635
-0.5251 1.2677 1.9579
-0.5811 1.4552 1.7643
-0.6000 1.6500 1.5708
primID: 5
startangle_c: 5
endpose_c: -7 8 7
additionalactioncostmult: 2
intermediateposes: 10
0.0000 0.0000 1.9635
-0.0700 0.1691 1.9635
-0.1421 0.3372 2.0144
-0.2292 0.4981 2.1194
-0.3326 0.6490 2.2243
-0.4513 0.7882 2.3292
-0.5839 0.9142 2.4341
-0.7290 1.0256 2.5390
-0.8849 1.1212 2.6440
-1.0500 1.2000 2.7489
primID: 6
startangle_c: 5
endpose_c: -3 12 3
additionalactioncostmult: 2
intermediateposes: 10
0.0000 0.0000 1.9635
-0.0811 0.1959 1.9635
-0.1623 0.3918 1.9635
-0.2434 0.5876 1.9635
-0.3245 0.7835 1.9635
-0.4057 0.9794 1.9635
-0.4822 1.1770 1.8603
-0.5192 1.3853 1.6329
-0.5083 1.5966 1.4055
-0.4500 1.8000 1.1781
primID: 7
startangle_c: 5
endpose_c: 4 -11 4
additionalactioncostmult: 1
intermediateposes: 10
0.0000 0.0000 1.9635
0.0750 -0.1811 1.9635
0.1500 -0.3622 1.9635
0.2250 -0.5433 1.9635
0.3001 -0.7244 1.9635
0.3751 -0.9055 1.9635
0.4501 -1.0866 1.9635
0.5251 -1.2677 1.9579
0.5811 -1.4552 1.7643
0.6000 -1.6500 1.5708
primID: 8
startangle_c: 5
endpose_c: 6 -9 6
additionalactioncostmult: 1
intermediateposes: 10
0.0000 0.0000 1.9635
0.0728 -0.1662 2.0053
0.1527 -0.3291 2.0491
0.2397 -0.4883 2.0930
0.3337 -0.6435 2.1369
0.4343 -0.7945 2.1807
0.5415 -0.9409 2.2246
0.6550 -1.0825 2.2685
0.7745 -1.2189 2.3123
0.9000 -1.3500 2.3562
primID: 9
startangle_c: 5
endpose_c: 3 -12 3
additionalactioncostmult: 1
intermediateposes: 10
0.0000 0.0000 1.9635
0.0811 -0.1959 1.9635
0.1623 -0.3918 1.9635
0.2434 -0.5876 1.9635
0.3245 -0.7835 1.9635
0.4057 -0.9794 1.9635
0.4822 -1.1770 1.8603
0.5192 -1.3853 1.6329
0.5083 -1.5966 1.4055
0.4500 -1.8000 1.1781
primID: 10
startangle_c: 5
endpose_c: 7 -8 7
additionalactioncostmult: 1
intermediateposes: 10
0.0000 0.0000 1.9635
0.0700 -0.1691 1.9635
0.1421 -0.3372 2.0144
0.2292 -0.4981 2.1194
0.3326 -0.6490 2.2243
0.4513 -0.7882 2.3292
0.5839 -0.9142 2.4341
0.7290 -1.0256 2.5390
0.8849 -1.1212 2.6440
1.0500 -1.2000 2.7489
primID: 0
startangle_c: 6
endpose_c: -1 1 6
additionalactioncostmult: 1
intermediateposes: 10
0.0000 0.0000 2.3562
-0.0167 0.0167 2.3562
-0.0333 0.0333 2.3562
-0.0500 0.0500 2.3562
-0.0667 0.0667 2.3562
-0.0833 0.0833 2.3562
-0.1000 0.1000 2.3562
-0.1167 0.1167 2.3562
-0.1333 0.1333 2.3562
-0.1500 0.1500 2.3562
primID: 1
startangle_c: 6
endpose_c: -7 7 6
additionalactioncostmult: 1
intermediateposes: 10
0.0000 0.0000 2.3562
-0.1167 0.1167 2.3562
-0.2333 0.2333 2.3562
-0.3500 0.3500 2.3562
-0.4667 0.4667 2.3562
-0.5833 0.5833 2.3562
-0.7000 0.7000 2.3562
-0.8167 0.8167 2.3562
-0.9333 0.9333 2.3562
-1.0500 1.0500 2.3562
primID: 2
startangle_c: 6
endpose_c: 1 -1 6
additionalactioncostmult: 1
intermediateposes: 10
0.0000 0.0000 2.3562
0.0167 -0.0167 2.3562
0.0333 -0.0333 2.3562
0.0500 -0.0500 2.3562
0.0667 -0.0667 2.3562
0.0833 -0.0833 2.3562
0.1000 -0.1000 2.3562
0.1167 -0.1167 2.3562
0.1333 -0.1333 2.3562
0.1500 -0.1500 2.3562
primID: 3
startangle_c: 6
endpose_c: -6 8 5
additionalactioncostmult: 2
intermediateposes: 10
0.0000 0.0000 2.3562
-0.1189 0.1189 2.3562
-0.2377 0.2377 2.3562
-0.3556 0.3575 2.3254
-0.4670 0.4834 2.2651
-0.5706 0.6157 2.2048
-0.6660 0.7541 2.1444
-0.7529 0.8979 2.0841
-0.8310 1.0467 2.0238
-0.9000 1.2000 1.9635
primID: 4
startangle_c: 6
endpose_c: -8 6 7
additionalactioncostmult: 2
intermediateposes: 10
0.0000 0.0000 2.3562
-0.1189 0.1189 2.3562
-0.2377 0.2377 2.3562
-0.3575 0.3556 2.3870
-0.4834 0.4670 2.4473
-0.6157 0.5706 2.5076
-0.7541 0.6660 2.5679
-0.8979 0.7529 2.6283
-1.0467 0.8310 2.6886
-1.2000 0.9000 2.7489
primID: 5
startangle_c: 6
endpose_c: -5 9 4
additionalactioncostmult: 2
intermediateposes: 10
0.0000 0.0000 2.3562
-0.1256 0.1256 2.3562
-0.2512 0.2512 2.3562
-0.3754 0.3780 2.3064
-0.4863 0.5166 2.1838
-0.5793 0.6678 2.0612
-0.6531 0.8292 1.9386
-0.7067 0.9984 1.8160
-0.7391 1.1729 1.6934
-0.7500 1.3500 1.5708
primID: 6
startangle_c: 6
endpose_c: -9 5 8
additionalactioncostmult: 2
intermediateposes: 10
0.0000 0.0000 2.3562
-0.1256 0.1256 2.3562
-0.2512 0.2512 2.3562
-0.3780 0.3754 2.4060
-0.5166 0.4863 2.5286
-0.6678 0.5793 2.6512
-0.8292 0.6531 2.7738
-0.9984 0.7067 2.8964
-1.1729 0.7391 3.0190
-1.3500 0.7500 3.1416
primID: 7
startangle_c: 6
endpose_c: 8 -6 7
additionalactioncostmult: 1
intermediateposes: 10
0.0000 0.0000 2.3562
0.1189 -0.1189 2.3562
0.2377 -0.2377 2.3562
0.3575 -0.3556 2.3870
0.4834 -0.4670 2.4473
0.6157 -0.5706 2.5076
0.7541 -0.6660 2.5679
0.8979 -0.7529 2.6283
1.0467 -0.8310 2.6886
1.2000 -0.9000 2.7489
primID: 8
startangle_c: 6
endpose_c: 6 -8 5
additionalactioncostmult: 1
intermediateposes: 10
0.0000 0.0000 2.3562
0.1189 -0.1189 2.3562
0.2377 -0.2377 2.3562
0.3556 -0.3575 2.3254
0.4670 -0.4834 2.2651
0.5706 -0.6157 2.2048
0.6660 -0.7541 2.1444
0.7529 -0.8979 2.0841
0.8310 -1.0467 2.0238
0.9000 -1.2000 1.9635
primID: 9
startangle_c: 6
endpose_c: 9 -5 8
additionalactioncostmult: 1
intermediateposes: 10
0.0000 0.0000 2.3562
0.1256 -0.1256 2.3562
0.2512 -0.2512 2.3562
0.3780 -0.3754 2.4060
0.5166 -0.4863 2.5286
0.6678 -0.5793 2.6512
0.8292 -0.6531 2.7738
0.9984 -0.7067 2.8964
1.1729 -0.7391 3.0190
1.3500 -0.7500 3.1416
primID: 10
startangle_c: 6
endpose_c: 5 -9 4
additionalactioncostmult: 1
intermediateposes: 10
0.0000 0.0000 2.3562
0.1256 -0.1256 2.3562
0.2512 -0.2512 2.3562
0.3754 -0.3780 2.3064
0.4863 -0.5166 2.1838
0.5793 -0.6678 2.0612
0.6531 -0.8292 1.9386
0.7067 -0.9984 1.8160
0.7391 -1.1729 1.6934
0.7500 -1.3500 1.5708
primID: 0
startangle_c: 7
endpose_c: -10 5 7
additionalactioncostmult: 1
intermediateposes: 10
0.0000 0.0000 2.7489
-0.1667 0.0833 2.7489
-0.3333 0.1667 2.7489
-0.5000 0.2500 2.7489
-0.6667 0.3333 2.7489
-0.8333 0.4167 2.7489
-1.0000 0.5000 2.7489
-1.1667 0.5833 2.7489
-1.3333 0.6667 2.7489
-1.5000 0.7500 2.7489
primID: 1
startangle_c: 7
endpose_c: -2 1 7
additionalactioncostmult: 1
intermediateposes: 10
0.0000 0.0000 2.7489
-0.0333 0.0167 2.7489
-0.0667 0.0333 2.7489
-0.1000 0.0500 2.7489
-0.1333 0.0667 2.7489
-0.1667 0.0833 2.7489
-0.2000 0.1000 2.7489
-0.2333 0.1167 2.7489
-0.2667 0.1333 2.7489
-0.3000 0.1500 2.7489
primID: 2
startangle_c: 7
endpose_c: 2 -1 7
additionalactioncostmult: 1
intermediateposes: 10
0.0000 0.0000 2.7489
0.0333 -0.0167 2.7489
0.0667 -0.0333 2.7489
0.1000 -0.0500 2.7489
0.1333 -0.0667 2.7489
0.1667 -0.0833 2.7489
0.2000 -0.1000 2.7489
0.2333 -0.1167 2.7489
0.2667 -0.1333 2.7489
0.3000 -0.1500 2.7489
primID: 3
startangle_c: 7
endpose_c: -9 6 5
additionalactioncostmult: 2
intermediateposes: 10
0.0000 0.0000 2.7489
-0.1720 0.0713 2.7489
-0.3441 0.1425 2.7489
-0.5161 0.2138 2.7489
-0.6881 0.2850 2.7489
-0.8582 0.3605 2.6563
-1.0146 0.4611 2.4831
-1.1513 0.5872 2.3099
-1.2642 0.7350 2.1367
-1.3500 0.9000 1.9635
primID: 4
startangle_c: 7
endpose_c: -11 4 8
additionalactioncostmult: 2
intermediateposes: 10
0.0000 0.0000 2.7489
-0.1811 0.0750 2.7489
-0.3622 0.1500 2.7489
-0.5433 0.2250 2.7489
-0.7244 0.3001 2.7489
-0.9055 0.3751 2.7489
-1.0866 0.4501 2.7489
-1.2677 0.5251 2.7545
-1.4552 0.5811 2.9481
-1.6500 0.6000 3.1416
primID: 5
startangle_c: 7
endpose_c: -8 7 5
additionalactioncostmult: 2
intermediateposes: 10
0.0000 0.0000 2.7489
-0.1691 0.0700 2.7489
-0.3372 0.1421 2.6980
-0.4981 0.2292 2.5930
-0.6490 0.3326 2.4881
-0.7882 0.4513 2.3832
-0.9142 0.5839 2.2783
-1.0256 0.7290 2.1733
-1.1212 0.8849 2.0684
-1.2000 1.0500 1.9635
primID: 6
startangle_c: 7
endpose_c: -12 3 9
additionalactioncostmult: 2
intermediateposes: 10
0.0000 0.0000 2.7489
-0.1959 0.0811 2.7489
-0.3918 0.1623 2.7489
-0.5876 0.2434 2.7489
-0.7835 0.3245 2.7489
-0.9794 0.4057 2.7489
-1.1770 0.4822 2.8521
-1.3853 0.5192 3.0795
-1.5966 0.5083 3.3069
-1.8000 0.4500 3.5343
primID: 7
startangle_c: 7
endpose_c: 11 -4 8
additionalactioncostmult: 1
intermediateposes: 10
0.0000 0.0000 2.7489
0.1811 -0.0750 2.7489
0.3622 -0.1500 2.7489
0.5433 -0.2250 2.7489
0.7244 -0.3001 2.7489
0.9055 -0.3751 2.7489
1.0866 -0.4501 2.7489
1.2677 -0.5251 2.7545
1.4552 -0.5811 2.9481
1.6500 -0.6000 3.1416
primID: 8
startangle_c: 7
endpose_c: 9 -6 6
additionalactioncostmult: 1
intermediateposes: 10
0.0000 0.0000 2.7489
0.1662 -0.0728 2.7071
0.3291 -0.1527 2.6633
0.4883 -0.2397 2.6194
0.6435 -0.3337 2.5755
0.7945 -0.4343 2.5317
0.9409 -0.5415 2.4878
1.0825 -0.6550 2.4439
1.2189 -0.7745 2.4001
1.3500 -0.9000 2.3562
primID: 9
startangle_c: 7
endpose_c: 12 -3 9
additionalactioncostmult: 1
intermediateposes: 10
0.0000 0.0000 2.7489
0.1959 -0.0811 2.7489
0.3918 -0.1623 2.7489
0.5876 -0.2434 2.7489
0.7835 -0.3245 2.7489
0.9794 -0.4057 2.7489
1.1770 -0.4822 2.8521
1.3853 -0.5192 3.0795
1.5966 -0.5083 3.3069
1.8000 -0.4500 3.5343
primID: 10
startangle_c: 7
endpose_c: 8 -7 5
additionalactioncostmult: 1
intermediateposes: 10
0.0000 0.0000 2.7489
0.1691 -0.0700 2.7489
0.3372 -0.1421 2.6980
0.4981 -0.2292 2.5930
0.6490 -0.3326 2.4881
0.7882 -0.4513 2.3832
0.9142 -0.5839 2.2783
1.0256 -0.7290 2.1733
1.1212 -0.8849 2.0684
1.2000 -1.0500 1.9635
primID: 0
startangle_c: 8
endpose_c: -1 0 8
additionalactioncostmult: 1
intermediateposes: 10
0.0000 0.0000 3.1416
-0.0167 0.0000 3.1416
-0.0333 0.0000 3.1416
-0.0500 0.0000 3.1416
-0.0667 0.0000 3.1416
-0.0833 0.0000 3.1416
-0.1000 0.0000 3.1416
-0.1167 0.0000 3.1416
-0.1333 0.0000 3.1416
-0.1500 0.0000 3.1416
primID: 1
startangle_c: 8
endpose_c: -10 0 8
additionalactioncostmult: 1
intermediateposes: 10
0.0000 0.0000 3.1416
-0.1667 0.0000 3.1416
-0.3333 0.0000 3.1416
-0.5000 0.0000 3.1416
-0.6667 0.0000 3.1416
-0.8333 0.0000 3.1416
-1.0000 0.0000 3.1416
-1.1667 0.0000 3.1416
-1.3333 0.0000 3.1416
-1.5000 0.0000 3.1416
primID: 2
startangle_c: 8
endpose_c: 1 0 8
additionalactioncostmult: 1
intermediateposes: 10
0.0000 0.0000 3.1416
0.0167 0.0000 3.1416
0.0333 0.0000 3.1416
0.0500 0.0000 3.1416
0.0667 0.0000 3.1416
0.0833 0.0000 3.1416
0.1000 0.0000 3.1416
0.1167 0.0000 3.1416
0.1333 0.0000 3.1416
0.1500 0.0000 3.1416
primID: 3
startangle_c: 8
endpose_c: -10 -1 9
additionalactioncostmult: 2
intermediateposes: 10
0.0000 0.0000 3.1416
-0.1689 0.0000 3.1416
-0.3377 0.0000 3.1416
-0.5066 0.0000 3.1416
-0.6754 0.0000 3.1416
-0.8443 -0.0025 3.1915
-1.0123 -0.0181 3.2772
-1.1785 -0.0481 3.3629
-1.3414 -0.0921 3.4486
-1.5000 -0.1500 3.5343
primID: 4
startangle_c: 8
endpose_c: -10 1 7
additionalactioncostmult: 2
intermediateposes: 10
0.0000 0.0000 3.1416
-0.1689 0.0000 3.1416
-0.3377 0.0000 3.1416
-0.5066 0.0000 3.1416
-0.6754 0.0000 3.1416
-0.8443 0.0025 3.0917
-1.0123 0.0181 3.0060
-1.1785 0.0481 2.9203
-1.3414 0.0921 2.8346
-1.5000 0.1500 2.7489
primID: 5
startangle_c: 8
endpose_c: -9 -2 10
additionalactioncostmult: 2
intermediateposes: 10
0.0000 0.0000 3.1416
-0.1589 0.0000 3.1416
-0.3178 0.0000 3.1416
-0.4767 0.0000 3.1416
-0.6356 -0.0000 3.1513
-0.7938 -0.0139 3.3064
-0.9479 -0.0520 3.4616
-1.0943 -0.1134 3.6167
-1.2294 -0.1968 3.7718
-1.3500 -0.3000 3.9270
primID: 6
startangle_c: 8
endpose_c: -9 2 6
additionalactioncostmult: 2
intermediateposes: 10
0.0000 0.0000 3.1416
-0.1589 0.0000 3.1416
-0.3178 0.0000 3.1416
-0.4767 0.0000 3.1416
-0.6356 0.0000 3.1319
-0.7938 0.0139 2.9768
-0.9479 0.0520 2.8216
-1.0943 0.1134 2.6665
-1.2294 0.1968 2.5113
-1.3500 0.3000 2.3562
primID: 7
startangle_c: 8
endpose_c: 10 1 9
additionalactioncostmult: 1
intermediateposes: 10
0.0000 0.0000 3.1416
0.1689 -0.0000 3.1416
0.3377 -0.0000 3.1416
0.5066 -0.0000 3.1416
0.6754 -0.0000 3.1416
0.8443 0.0025 3.1915
1.0123 0.0181 3.2772
1.1785 0.0481 3.3629
1.3414 0.0921 3.4486
1.5000 0.1500 3.5343
primID: 8
startangle_c: 8
endpose_c: 10 -1 7
additionalactioncostmult: 1
intermediateposes: 10
0.0000 0.0000 3.1416
0.1689 -0.0000 3.1416
0.3377 -0.0000 3.1416
0.5066 -0.0000 3.1416
0.6754 -0.0000 3.1416
0.8443 -0.0025 3.0917
1.0123 -0.0181 3.0060
1.1785 -0.0481 2.9203
1.3414 -0.0921 2.8346
1.5000 -0.1500 2.7489
primID: 9
startangle_c: 8
endpose_c: 9 2 10
additionalactioncostmult: 1
intermediateposes: 10
0.0000 0.0000 3.1416
0.1589 -0.0000 3.1416
0.3178 -0.0000 3.1416
0.4767 -0.0000 3.1416
0.6356 0.0000 3.1513
0.7938 0.0139 3.3064
0.9479 0.0520 3.4616
1.0943 0.1134 3.6167
1.2294 0.1968 3.7718
1.3500 0.3000 3.9270
primID: 10
startangle_c: 8
endpose_c: 9 -2 6
additionalactioncostmult: 1
intermediateposes: 10
0.0000 0.0000 3.1416
0.1589 -0.0000 3.1416
0.3178 -0.0000 3.1416
0.4767 -0.0000 3.1416
0.6356 -0.0000 3.1319
0.7938 -0.0139 2.9768
0.9479 -0.0520 2.8216
1.0943 -0.1134 2.6665
1.2294 -0.1968 2.5113
1.3500 -0.3000 2.3562
primID: 0
startangle_c: 9
endpose_c: -10 -5 9
additionalactioncostmult: 1
intermediateposes: 10
0.0000 0.0000 3.5343
-0.1667 -0.0833 3.5343
-0.3333 -0.1667 3.5343
-0.5000 -0.2500 3.5343
-0.6667 -0.3333 3.5343
-0.8333 -0.4167 3.5343
-1.0000 -0.5000 3.5343
-1.1667 -0.5833 3.5343
-1.3333 -0.6667 3.5343
-1.5000 -0.7500 3.5343
primID: 1
startangle_c: 9
endpose_c: -2 -1 9
additionalactioncostmult: 1
intermediateposes: 10
0.0000 0.0000 3.5343
-0.0333 -0.0167 3.5343
-0.0667 -0.0333 3.5343
-0.1000 -0.0500 3.5343
-0.1333 -0.0667 3.5343
-0.1667 -0.0833 3.5343
-0.2000 -0.1000 3.5343
-0.2333 -0.1167 3.5343
-0.2667 -0.1333 3.5343
-0.3000 -0.1500 3.5343
primID: 2
startangle_c: 9
endpose_c: 2 1 9
additionalactioncostmult: 1
intermediateposes: 10
0.0000 0.0000 3.5343
0.0333 0.0167 3.5343
0.0667 0.0333 3.5343
0.1000 0.0500 3.5343
0.1333 0.0667 3.5343
0.1667 0.0833 3.5343
0.2000 0.1000 3.5343
0.2333 0.1167 3.5343
0.2667 0.1333 3.5343
0.3000 0.1500 3.5343
primID: 3
startangle_c: 9
endpose_c: -9 -6 11
additionalactioncostmult: 2
intermediateposes: 10
0.0000 0.0000 3.5343
-0.1720 -0.0713 3.5343
-0.3441 -0.1425 3.5343
-0.5161 -0.2138 3.5343
-0.6881 -0.2850 3.5343
-0.8582 -0.3605 3.6269
-1.0146 -0.4611 3.8001
-1.1513 -0.5872 3.9733
-1.2642 -0.7350 4.1465
-1.3500 -0.9000 4.3197
primID: 4
startangle_c: 9
endpose_c: -11 -4 8
additionalactioncostmult: 2
intermediateposes: 10
0.0000 0.0000 3.5343
-0.1811 -0.0750 3.5343
-0.3622 -0.1500 3.5343
-0.5433 -0.2250 3.5343
-0.7244 -0.3001 3.5343
-0.9055 -0.3751 3.5343
-1.0866 -0.4501 3.5343
-1.2677 -0.5251 3.5286
-1.4552 -0.5811 3.3351
-1.6500 -0.6000 3.1416
primID: 5
startangle_c: 9
endpose_c: -8 -7 11
additionalactioncostmult: 2
intermediateposes: 10
0.0000 0.0000 3.5343
-0.1691 -0.0700 3.5343
-0.3372 -0.1421 3.5852
-0.4981 -0.2292 3.6902
-0.6490 -0.3326 3.7951
-0.7882 -0.4513 3.9000
-0.9142 -0.5839 4.0049
-1.0256 -0.7290 4.1098
-1.1212 -0.8849 4.2148
-1.2000 -1.0500 4.3197
primID: 6
startangle_c: 9
endpose_c: -12 -3 7
additionalactioncostmult: 2
intermediateposes: 10
0.0000 0.0000 3.5343
-0.1959 -0.0811 3.5343
-0.3918 -0.1623 3.5343
-0.5876 -0.2434 3.5343
-0.7835 -0.3245 3.5343
-0.9794 -0.4057 3.5343
-1.1770 -0.4822 3.4311
-1.3853 -0.5192 3.2037
-1.5966 -0.5083 2.9763
-1.8000 -0.4500 2.7489
primID: 7
startangle_c: 9
endpose_c: 11 4 8
additionalactioncostmult: 1
intermediateposes: 10
0.0000 0.0000 3.5343
0.1811 0.0750 3.5343
0.3622 0.1500 3.5343
0.5433 0.2250 3.5343
0.7244 0.3001 3.5343
0.9055 0.3751 3.5343
1.0866 0.4501 3.5343
1.2677 0.5251 3.5286
1.4552 0.5811 3.3351
1.6500 0.6000 3.1416
primID: 8
startangle_c: 9
endpose_c: 9 6 10
additionalactioncostmult: 1
intermediateposes: 10
0.0000 0.0000 3.5343
0.1662 0.0728 3.5761
0.3291 0.1527 3.6199
0.4883 0.2397 3.6638
0.6435 0.3337 3.7077
0.7945 0.4343 3.7515
0.9409 0.5415 3.7954
1.0825 0.6550 3.8393
1.2189 0.7745 3.8831
1.3500 0.9000 3.9270
primID: 9
startangle_c: 9
endpose_c: 12 3 7
additionalactioncostmult: 1
intermediateposes: 10
0.0000 0.0000 3.5343
0.1959 0.0811 3.5343
0.3918 0.1623 3.5343
0.5876 0.2434 3.5343
0.7835 0.3245 3.5343
0.9794 0.4057 3.5343
1.1770 0.4822 3.4311
1.3853 0.5192 3.2037
1.5966 0.5083 2.9763
1.8000 0.4500 2.7489
primID: 10
startangle_c: 9
endpose_c: 8 7 11
additionalactioncostmult: 1
intermediateposes: 10
0.0000 0.0000 3.5343
0.1691 0.0700 3.5343
0.3372 0.1421 3.5852
0.4981 0.2292 3.6902
0.6490 0.3326 3.7951
0.7882 0.4513 3.9000
0.9142 0.5839 4.0049
1.0256 0.7290 4.1098
1.1212 0.8849 4.2148
1.2000 1.0500 4.3197
primID: 0
startangle_c: 10
endpose_c: -1 -1 10
additionalactioncostmult: 1
intermediateposes: 10
0.0000 0.0000 3.9270
-0.0167 -0.0167 3.9270
-0.0333 -0.0333 3.9270
-0.0500 -0.0500 3.9270
-0.0667 -0.0667 3.9270
-0.0833 -0.0833 3.9270
-0.1000 -0.1000 3.9270
-0.1167 -0.1167 3.9270
-0.1333 -0.1333 3.9270
-0.1500 -0.1500 3.9270
primID: 1
startangle_c: 10
endpose_c: -7 -7 10
additionalactioncostmult: 1
intermediateposes: 10
0.0000 0.0000 3.9270
-0.1167 -0.1167 3.9270
-0.2333 -0.2333 3.9270
-0.3500 -0.3500 3.9270
-0.4667 -0.4667 3.9270
-0.5833 -0.5833 3.9270
-0.7000 -0.7000 3.9270
-0.8167 -0.8167 3.9270
-0.9333 -0.9333 3.9270
-1.0500 -1.0500 3.9270
primID: 2
startangle_c: 10
endpose_c: 1 1 10
additionalactioncostmult: 1
intermediateposes: 10
0.0000 0.0000 3.9270
0.0167 0.0167 3.9270
0.0333 0.0333 3.9270
0.0500 0.0500 3.9270
0.0667 0.0667 3.9270
0.0833 0.0833 3.9270
0.1000 0.1000 3.9270
0.1167 0.1167 3.9270
0.1333 0.1333 3.9270
0.1500 0.1500 3.9270
primID: 3
startangle_c: 10
endpose_c: -8 -6 9
additionalactioncostmult: 2
intermediateposes: 10
0.0000 0.0000 3.9270
-0.1189 -0.1189 3.9270
-0.2377 -0.2377 3.9270
-0.3575 -0.3556 3.8962
-0.4834 -0.4670 3.8359
-0.6157 -0.5706 3.7756
-0.7541 -0.6660 3.7152
-0.8979 -0.7529 3.6549
-1.0467 -0.8310 3.5946
-1.2000 -0.9000 3.5343
primID: 4
startangle_c: 10
endpose_c: -6 -8 11
additionalactioncostmult: 2
intermediateposes: 10
0.0000 0.0000 3.9270
-0.1189 -0.1189 3.9270
-0.2377 -0.2377 3.9270
-0.3556 -0.3575 3.9578
-0.4670 -0.4834 4.0181
-0.5706 -0.6157 4.0784
-0.6660 -0.7541 4.1387
-0.7529 -0.8979 4.1991
-0.8310 -1.0467 4.2594
-0.9000 -1.2000 4.3197
primID: 5
startangle_c: 10
endpose_c: -9 -5 8
additionalactioncostmult: 2
intermediateposes: 10
0.0000 0.0000 3.9270
-0.1256 -0.1256 3.9270
-0.2512 -0.2512 3.9270
-0.3780 -0.3754 3.8772
-0.5166 -0.4863 3.7546
-0.6678 -0.5793 3.6320
-0.8292 -0.6531 3.5094
-0.9984 -0.7067 3.3868
-1.1729 -0.7391 3.2642
-1.3500 -0.7500 3.1416
primID: 6
startangle_c: 10
endpose_c: -5 -9 12
additionalactioncostmult: 2
intermediateposes: 10
0.0000 0.0000 3.9270
-0.1256 -0.1256 3.9270
-0.2512 -0.2512 3.9270
-0.3754 -0.3780 3.9768
-0.4863 -0.5166 4.0994
-0.5793 -0.6678 4.2220
-0.6531 -0.8292 4.3446
-0.7067 -0.9984 4.4672
-0.7391 -1.1729 4.5898
-0.7500 -1.3500 4.7124
primID: 7
startangle_c: 10
endpose_c: 6 8 11
additionalactioncostmult: 1
intermediateposes: 10
0.0000 0.0000 3.9270
0.1189 0.1189 3.9270
0.2377 0.2377 3.9270
0.3556 0.3575 3.9578
0.4670 0.4834 4.0181
0.5706 0.6157 4.0784
0.6660 0.7541 4.1387
0.7529 0.8979 4.1991
0.8310 1.0467 4.2594
0.9000 1.2000 4.3197
primID: 8
startangle_c: 10
endpose_c: 8 6 9
additionalactioncostmult: 1
intermediateposes: 10
0.0000 0.0000 3.9270
0.1189 0.1189 3.9270
0.2377 0.2377 3.9270
0.3575 0.3556 3.8962
0.4834 0.4670 3.8359
0.6157 0.5706 3.7756
0.7541 0.6660 3.7152
0.8979 0.7529 3.6549
1.0467 0.8310 3.5946
1.2000 0.9000 3.5343
primID: 9
startangle_c: 10
endpose_c: 5 9 12
additionalactioncostmult: 1
intermediateposes: 10
0.0000 0.0000 3.9270
0.1256 0.1256 3.9270
0.2512 0.2512 3.9270
0.3754 0.3780 3.9768
0.4863 0.5166 4.0994
0.5793 0.6678 4.2220
0.6531 0.8292 4.3446
0.7067 0.9984 4.4672
0.7391 1.1729 4.5898
0.7500 1.3500 4.7124
primID: 10
startangle_c: 10
endpose_c: 9 5 8
additionalactioncostmult: 1
intermediateposes: 10
0.0000 0.0000 3.9270
0.1256 0.1256 3.9270
0.2512 0.2512 3.9270
0.3780 0.3754 3.8772
0.5166 0.4863 3.7546
0.6678 0.5793 3.6320
0.8292 0.6531 3.5094
0.9984 0.7067 3.3868
1.1729 0.7391 3.2642
1.3500 0.7500 3.1416
primID: 0
startangle_c: 11
endpose_c: -5 -10 11
additionalactioncostmult: 1
intermediateposes: 10
0.0000 0.0000 4.3197
-0.0833 -0.1667 4.3197
-0.1667 -0.3333 4.3197
-0.2500 -0.5000 4.3197
-0.3333 -0.6667 4.3197
-0.4167 -0.8333 4.3197
-0.5000 -1.0000 4.3197
-0.5833 -1.1667 4.3197
-0.6667 -1.3333 4.3197
-0.7500 -1.5000 4.3197
primID: 1
startangle_c: 11
endpose_c: -1 -2 11
additionalactioncostmult: 1
intermediateposes: 10
0.0000 0.0000 4.3197
-0.0167 -0.0333 4.3197
-0.0333 -0.0667 4.3197
-0.0500 -0.1000 4.3197
-0.0667 -0.1333 4.3197
-0.0833 -0.1667 4.3197
-0.1000 -0.2000 4.3197
-0.1167 -0.2333 4.3197
-0.1333 -0.2667 4.3197
-0.1500 -0.3000 4.3197
primID: 2
startangle_c: 11
endpose_c: 1 2 11
additionalactioncostmult: 1
intermediateposes: 10
0.0000 0.0000 4.3197
0.0167 0.0333 4.3197
0.0333 0.0667 4.3197
0.0500 0.1000 4.3197
0.0667 0.1333 4.3197
0.0833 0.1667 4.3197
0.1000 0.2000 4.3197
0.1167 0.2333 4.3197
0.1333 0.2667 4.3197
0.1500 0.3000 4.3197
primID: 3
startangle_c: 11
endpose_c: -6 -9 9
additionalactioncostmult: 2
intermediateposes: 10
0.0000 0.0000 4.3197
-0.0713 -0.1720 4.3197
-0.1425 -0.3441 4.3197
-0.2138 -0.5161 4.3197
-0.2850 -0.6881 4.3197
-0.3605 -0.8582 4.2271
-0.4611 -1.0146 4.0539
-0.5872 -1.1513 3.8807
-0.7350 -1.2642 3.7075
-0.9000 -1.3500 3.5343
primID: 4
startangle_c: 11
endpose_c: -4 -11 12
additionalactioncostmult: 2
intermediateposes: 10
0.0000 0.0000 4.3197
-0.0750 -0.1811 4.3197
-0.1500 -0.3622 4.3197
-0.2250 -0.5433 4.3197
-0.3001 -0.7244 4.3197
-0.3751 -0.9055 4.3197
-0.4501 -1.0866 4.3197
-0.5251 -1.2677 4.3253
-0.5811 -1.4552 4.5189
-0.6000 -1.6500 4.7124
primID: 5
startangle_c: 11
endpose_c: -7 -8 9
additionalactioncostmult: 2
intermediateposes: 10
0.0000 0.0000 4.3197
-0.0700 -0.1691 4.3197
-0.1421 -0.3372 4.2688
-0.2292 -0.4981 4.1638
-0.3326 -0.6490 4.0589
-0.4513 -0.7882 3.9540
-0.5839 -0.9142 3.8491
-0.7290 -1.0256 3.7441
-0.8849 -1.1212 3.6392
-1.0500 -1.2000 3.5343
primID: 6
startangle_c: 11
endpose_c: -3 -12 13
additionalactioncostmult: 2
intermediateposes: 10
0.0000 0.0000 4.3197
-0.0811 -0.1959 4.3197
-0.1623 -0.3918 4.3197
-0.2434 -0.5876 4.3197
-0.3245 -0.7835 4.3197
-0.4057 -0.9794 4.3197
-0.4822 -1.1770 4.4229
-0.5192 -1.3853 4.6503
-0.5083 -1.5966 4.8777
-0.4500 -1.8000 5.1051
primID: 7
startangle_c: 11
endpose_c: 4 11 12
additionalactioncostmult: 1
intermediateposes: 10
0.0000 0.0000 4.3197
0.0750 0.1811 4.3197
0.1500 0.3622 4.3197
0.2250 0.5433 4.3197
0.3001 0.7244 4.3197
0.3751 0.9055 4.3197
0.4501 1.0866 4.3197
0.5251 1.2677 4.3253
0.5811 1.4552 4.5189
0.6000 1.6500 4.7124
primID: 8
startangle_c: 11
endpose_c: 6 9 10
additionalactioncostmult: 1
intermediateposes: 10
0.0000 0.0000 4.3197
0.0728 0.1662 4.2779
0.1527 0.3291 4.2341
0.2397 0.4883 4.1902
0.3337 0.6435 4.1463
0.4343 0.7945 4.1025
0.5415 0.9409 4.0586
0.6550 1.0825 4.0147
0.7745 1.2189 3.9709
0.9000 1.3500 3.9270
primID: 9
startangle_c: 11
endpose_c: 3 12 13
additionalactioncostmult: 1
intermediateposes: 10
0.0000 0.0000 4.3197
0.0811 0.1959 4.3197
0.1623 0.3918 4.3197
0.2434 0.5876 4.3197
0.3245 0.7835 4.3197
0.4057 0.9794 4.3197
0.4822 1.1770 4.4229
0.5192 1.3853 4.6503
0.5083 1.5966 4.8777
0.4500 1.8000 5.1051
primID: 10
startangle_c: 11
endpose_c: 7 8 9
additionalactioncostmult: 1
intermediateposes: 10
0.0000 0.0000 4.3197
0.0700 0.1691 4.3197
0.1421 0.3372 4.2688
0.2292 0.4981 4.1638
0.3326 0.6490 4.0589
0.4513 0.7882 3.9540
0.5839 0.9142 3.8491
0.7290 1.0256 3.7441
0.8849 1.1212 3.6392
1.0500 1.2000 3.5343
primID: 0
startangle_c: 12
endpose_c: 0 -1 12
additionalactioncostmult: 1
intermediateposes: 10
0.0000 0.0000 4.7124
0.0000 -0.0167 4.7124
0.0000 -0.0333 4.7124
0.0000 -0.0500 4.7124
0.0000 -0.0667 4.7124
0.0000 -0.0833 4.7124
0.0000 -0.1000 4.7124
0.0000 -0.1167 4.7124
0.0000 -0.1333 4.7124
0.0000 -0.1500 4.7124
primID: 1
startangle_c: 12
endpose_c: 0 -10 12
additionalactioncostmult: 1
intermediateposes: 10
0.0000 0.0000 4.7124
0.0000 -0.1667 4.7124
0.0000 -0.3333 4.7124
0.0000 -0.5000 4.7124
0.0000 -0.6667 4.7124
0.0000 -0.8333 4.7124
0.0000 -1.0000 4.7124
0.0000 -1.1667 4.7124
0.0000 -1.3333 4.7124
0.0000 -1.5000 4.7124
primID: 2
startangle_c: 12
endpose_c: 0 1 12
additionalactioncostmult: 1
intermediateposes: 10
0.0000 0.0000 4.7124
0.0000 0.0167 4.7124
0.0000 0.0333 4.7124
0.0000 0.0500 4.7124
0.0000 0.0667 4.7124
0.0000 0.0833 4.7124
0.0000 0.1000 4.7124
0.0000 0.1167 4.7124
0.0000 0.1333 4.7124
0.0000 0.1500 4.7124
primID: 3
startangle_c: 12
endpose_c: 1 -10 13
additionalactioncostmult: 2
intermediateposes: 10
0.0000 0.0000 4.7124
0.0000 -0.1689 4.7124
0.0000 -0.3377 4.7124
0.0000 -0.5066 4.7124
0.0000 -0.6754 4.7124
0.0025 -0.8443 4.7623
0.0181 -1.0123 4.8480
0.0481 -1.1785 4.9337
0.0921 -1.3414 5.0194
0.1500 -1.5000 5.1051
primID: 4
startangle_c: 12
endpose_c: -1 -10 11
additionalactioncostmult: 2
intermediateposes: 10
0.0000 0.0000 4.7124
-0.0000 -0.1689 4.7124
-0.0000 -0.3377 4.7124
-0.0000 -0.5066 4.7124
-0.0000 -0.6754 4.7124
-0.0025 -0.8443 4.6625
-0.0181 -1.0123 4.5768
-0.0481 -1.1785 4.4911
-0.0921 -1.3414 4.4054
-0.1500 -1.5000 4.3197
primID: 5
startangle_c: 12
endpose_c: 2 -9 14
additionalactioncostmult: 2
intermediateposes: 10
0.0000 0.0000 4.7124
-0.0000 -0.1589 4.7124
-0.0000 -0.3178 4.7124
-0.0000 -0.4767 4.7124
0.0000 -0.6356 4.7221
0.0139 -0.7938 4.8772
0.0520 -0.9479 5.0324
0.1134 -1.0943 5.1875
0.1968 -1.2294 5.3426
0.3000 -1.3500 5.4978
primID: 6
startangle_c: 12
endpose_c: -2 -9 10
additionalactioncostmult: 2
intermediateposes: 10
0.0000 0.0000 4.7124
-0.0000 -0.1589 4.7124
-0.0000 -0.3178 4.7124
-0.0000 -0.4767 4.7124
-0.0000 -0.6356 4.7027
-0.0139 -0.7938 4.5476
-0.0520 -0.9479 4.3924
-0.1134 -1.0943 4.2373
-0.1968 -1.2294 4.0821
-0.3000 -1.3500 3.9270
primID: 7
startangle_c: 12
endpose_c: -1 10 13
additionalactioncostmult: 1
intermediateposes: 10
0.0000 0.0000 4.7124
-0.0000 0.1689 4.7124
-0.0000 0.3377 4.7124
-0.0000 0.5066 4.7124
-0.0000 0.6754 4.7124
-0.0025 0.8443 4.7623
-0.0181 1.0123 4.8480
-0.0481 1.1785 4.9337
-0.0921 1.3414 5.0194
-0.1500 1.5000 5.1051
primID: 8
startangle_c: 12
endpose_c: 1 10 11
additionalactioncostmult: 1
intermediateposes: 10
0.0000 0.0000 4.7124
0.0000 0.1689 4.7124
0.0000 0.3377 4.7124
0.0000 0.5066 4.7124
0.0000 0.6754 4.7124
0.0025 0.8443 4.6625
0.0181 1.0123 4.5768
0.0481 1.1785 4.4911
0.0921 1.3414 4.4054
0.1500 1.5000 4.3197
primID: 9
startangle_c: 12
endpose_c: -2 9 14
additionalactioncostmult: 1
intermediateposes: 10
0.0000 0.0000 4.7124
0.0000 0.1589 4.7124
0.0000 0.3178 4.7124
0.0000 0.4767 4.7124
-0.0000 0.6356 4.7221
-0.0139 0.7938 4.8772
-0.0520 0.9479 5.0324
-0.1134 1.0943 5.1875
-0.1968 1.2294 5.3426
-0.3000 1.3500 5.4978
primID: 10
startangle_c: 12
endpose_c: 2 9 10
additionalactioncostmult: 1
intermediateposes: 10
0.0000 0.0000 4.7124
0.0000 0.1589 4.7124
0.0000 0.3178 4.7124
0.0000 0.4767 4.7124
0.0000 0.6356 4.7027
0.0139 0.7938 4.5476
0.0520 0.9479 4.3924
0.1134 1.0943 4.2373
0.1968 1.2294 4.0821
0.3000 1.3500 3.9270
primID: 0
startangle_c: 13
endpose_c: 5 -10 13
additionalactioncostmult: 1
intermediateposes: 10
0.0000 0.0000 5.1051
0.0833 -0.1667 5.1051
0.1667 -0.3333 5.1051
0.2500 -0.5000 5.1051
0.3333 -0.6667 5.1051
0.4167 -0.8333 5.1051
0.5000 -1.0000 5.1051
0.5833 -1.1667 5.1051
0.6667 -1.3333 5.1051
0.7500 -1.5000 5.1051
primID: 1
startangle_c: 13
endpose_c: 1 -2 13
additionalactioncostmult: 1
intermediateposes: 10
0.0000 0.0000 5.1051
0.0167 -0.0333 5.1051
0.0333 -0.0667 5.1051
0.0500 -0.1000 5.1051
0.0667 -0.1333 5.1051
0.0833 -0.1667 5.1051
0.1000 -0.2000 5.1051
0.1167 -0.2333 5.1051
0.1333 -0.2667 5.1051
0.1500 -0.3000 5.1051
primID: 2
startangle_c: 13
endpose_c: -1 2 13
additionalactioncostmult: 1
intermediateposes: 10
0.0000 0.0000 5.1051
-0.0167 0.0333 5.1051
-0.0333 0.0667 5.1051
-0.0500 0.1000 5.1051
-0.0667 0.1333 5.1051
-0.0833 0.1667 5.1051
-0.1000 0.2000 5.1051
-0.1167 0.2333 5.1051
-0.1333 0.2667 5.1051
-0.1500 0.3000 5.1051
primID: 3
startangle_c: 13
endpose_c: 6 -9 15
additionalactioncostmult: 2
intermediateposes: 10
0.0000 0.0000 5.1051
0.0713 -0.1720 5.1051
0.1425 -0.3441 5.1051
0.2138 -0.5161 5.1051
0.2850 -0.6881 5.1051
0.3605 -0.8582 5.1977
0.4611 -1.0146 5.3709
0.5872 -1.1513 5.5441
0.7350 -1.2642 5.7173
0.9000 -1.3500 5.8905
primID: 4
startangle_c: 13
endpose_c: 4 -11 12
additionalactioncostmult: 2
intermediateposes: 10
0.0000 0.0000 5.1051
0.0750 -0.1811 5.1051
0.1500 -0.3622 5.1051
0.2250 -0.5433 5.1051
0.3001 -0.7244 5.1051
0.3751 -0.9055 5.1051
0.4501 -1.0866 5.1051
0.5251 -1.2677 5.0994
0.5811 -1.4552 4.9059
0.6000 -1.6500 4.7124
primID: 5
startangle_c: 13
endpose_c: 7 -8 15
additionalactioncostmult: 2
intermediateposes: 10
0.0000 0.0000 5.1051
0.0700 -0.1691 5.1051
0.1421 -0.3372 5.1560
0.2292 -0.4981 5.2609
0.3326 -0.6490 5.3659
0.4513 -0.7882 5.4708
0.5839 -0.9142 5.5757
0.7290 -1.0256 5.6806
0.8849 -1.1212 5.7856
1.0500 -1.2000 5.8905
primID: 6
startangle_c: 13
endpose_c: 3 -12 11
additionalactioncostmult: 2
intermediateposes: 10
0.0000 0.0000 5.1051
0.0811 -0.1959 5.1051
0.1623 -0.3918 5.1051
0.2434 -0.5876 5.1051
0.3245 -0.7835 5.1051
0.4057 -0.9794 5.1051
0.4822 -1.1770 5.0019
0.5192 -1.3853 4.7745
0.5083 -1.5966 4.5471
0.4500 -1.8000 4.3197
primID: 7
startangle_c: 13
endpose_c: -4 11 12
additionalactioncostmult: 1
intermediateposes: 10
0.0000 0.0000 5.1051
-0.0750 0.1811 5.1051
-0.1500 0.3622 5.1051
-0.2250 0.5433 5.1051
-0.3001 0.7244 5.1051
-0.3751 0.9055 5.1051
-0.4501 1.0866 5.1051
-0.5251 1.2677 5.0994
-0.5811 1.4552 4.9059
-0.6000 1.6500 4.7124
primID: 8
startangle_c: 13
endpose_c: -6 9 14
additionalactioncostmult: 1
intermediateposes: 10
0.0000 0.0000 5.1051
-0.0728 0.1662 5.1469
-0.1527 0.3291 5.1907
-0.2397 0.4883 5.2346
-0.3337 0.6435 5.2785
-0.4343 0.7945 5.3223
-0.5415 0.9409 5.3662
-0.6550 1.0825 5.4101
-0.7745 1.2189 5.4539
-0.9000 1.3500 5.4978
primID: 9
startangle_c: 13
endpose_c: -3 12 11
additionalactioncostmult: 1
intermediateposes: 10
0.0000 0.0000 5.1051
-0.0811 0.1959 5.1051
-0.1623 0.3918 5.1051
-0.2434 0.5876 5.1051
-0.3245 0.7835 5.1051
-0.4057 0.9794 5.1051
-0.4822 1.1770 5.0019
-0.5192 1.3853 4.7745
-0.5083 1.5966 4.5471
-0.4500 1.8000 4.3197
primID: 10
startangle_c: 13
endpose_c: -7 8 15
additionalactioncostmult: 1
intermediateposes: 10
0.0000 0.0000 5.1051
-0.0700 0.1691 5.1051
-0.1421 0.3372 5.1560
-0.2292 0.4981 5.2609
-0.3326 0.6490 5.3659
-0.4513 0.7882 5.4708
-0.5839 0.9142 5.5757
-0.7290 1.0256 5.6806
-0.8849 1.1212 5.7856
-1.0500 1.2000 5.8905
primID: 0
startangle_c: 14
endpose_c: 1 -1 14
additionalactioncostmult: 1
intermediateposes: 10
0.0000 0.0000 5.4978
0.0167 -0.0167 5.4978
0.0333 -0.0333 5.4978
0.0500 -0.0500 5.4978
0.0667 -0.0667 5.4978
0.0833 -0.0833 5.4978
0.1000 -0.1000 5.4978
0.1167 -0.1167 5.4978
0.1333 -0.1333 5.4978
0.1500 -0.1500 5.4978
primID: 1
startangle_c: 14
endpose_c: 7 -7 14
additionalactioncostmult: 1
intermediateposes: 10
0.0000 0.0000 5.4978
0.1167 -0.1167 5.4978
0.2333 -0.2333 5.4978
0.3500 -0.3500 5.4978
0.4667 -0.4667 5.4978
0.5833 -0.5833 5.4978
0.7000 -0.7000 5.4978
0.8167 -0.8167 5.4978
0.9333 -0.9333 5.4978
1.0500 -1.0500 5.4978
primID: 2
startangle_c: 14
endpose_c: -1 1 14
additionalactioncostmult: 1
intermediateposes: 10
0.0000 0.0000 5.4978
-0.0167 0.0167 5.4978
-0.0333 0.0333 5.4978
-0.0500 0.0500 5.4978
-0.0667 0.0667 5.4978
-0.0833 0.0833 5.4978
-0.1000 0.1000 5.4978
-0.1167 0.1167 5.4978
-0.1333 0.1333 5.4978
-0.1500 0.1500 5.4978
primID: 3
startangle_c: 14
endpose_c: 6 -8 13
additionalactioncostmult: 2
intermediateposes: 10
0.0000 0.0000 5.4978
0.1189 -0.1189 5.4978
0.2377 -0.2377 5.4978
0.3556 -0.3575 5.4670
0.4670 -0.4834 5.4067
0.5706 -0.6157 5.3464
0.6660 -0.7541 5.2860
0.7529 -0.8979 5.2257
0.8310 -1.0467 5.1654
0.9000 -1.2000 5.1051
primID: 4
startangle_c: 14
endpose_c: 8 -6 15
additionalactioncostmult: 2
intermediateposes: 10
0.0000 0.0000 5.4978
0.1189 -0.1189 5.4978
0.2377 -0.2377 5.4978
0.3575 -0.3556 5.5286
0.4834 -0.4670 5.5889
0.6157 -0.5706 5.6492
0.7541 -0.6660 5.7095
0.8979 -0.7529 5.7699
1.0467 -0.8310 5.8302
1.2000 -0.9000 5.8905
primID: 5
startangle_c: 14
endpose_c: 5 -9 12
additionalactioncostmult: 2
intermediateposes: 10
0.0000 0.0000 5.4978
0.1256 -0.1256 5.4978
0.2512 -0.2512 5.4978
0.3754 -0.3780 5.4480
0.4863 -0.5166 5.3254
0.5793 -0.6678 5.2028
0.6531 -0.8292 5.0802
0.7067 -0.9984 4.9576
0.7391 -1.1729 4.8350
0.7500 -1.3500 4.7124
primID: 6
startangle_c: 14
endpose_c: 9 -5 0
additionalactioncostmult: 2
intermediateposes: 10
0.0000 0.0000 5.4978
0.1256 -0.1256 5.4978
0.2512 -0.2512 5.4978
0.3780 -0.3754 5.5476
0.5166 -0.4863 5.6702
0.6678 -0.5793 5.7928
0.8292 -0.6531 5.9154
0.9984 -0.7067 6.0380
1.1729 -0.7391 6.1606
1.3500 -0.7500 6.2832
primID: 7
startangle_c: 14
endpose_c: -8 6 15
additionalactioncostmult: 1
intermediateposes: 10
0.0000 0.0000 5.4978
-0.1189 0.1189 5.4978
-0.2377 0.2377 5.4978
-0.3575 0.3556 5.5286
-0.4834 0.4670 5.5889
-0.6157 0.5706 5.6492
-0.7541 0.6660 5.7095
-0.8979 0.7529 5.7699
-1.0467 0.8310 5.8302
-1.2000 0.9000 5.8905
primID: 8
startangle_c: 14
endpose_c: -6 8 13
additionalactioncostmult: 1
intermediateposes: 10
0.0000 0.0000 5.4978
-0.1189 0.1189 5.4978
-0.2377 0.2377 5.4978
-0.3556 0.3575 5.4670
-0.4670 0.4834 5.4067
-0.5706 0.6157 5.3464
-0.6660 0.7541 5.2860
-0.7529 0.8979 5.2257
-0.8310 1.0467 5.1654
-0.9000 1.2000 5.1051
primID: 9
startangle_c: 14
endpose_c: -9 5 0
additionalactioncostmult: 1
intermediateposes: 10
0.0000 0.0000 5.4978
-0.1256 0.1256 5.4978
-0.2512 0.2512 5.4978
-0.3780 0.3754 5.5476
-0.5166 0.4863 5.6702
-0.6678 0.5793 5.7928
-0.8292 0.6531 5.9154
-0.9984 0.7067 6.0380
-1.1729 0.7391 6.1606
-1.3500 0.7500 6.2832
primID: 10
startangle_c: 14
endpose_c: -5 9 12
additionalactioncostmult: 1
intermediateposes: 10
0.0000 0.0000 5.4978
-0.1256 0.1256 5.4978
-0.2512 0.2512 5.4978
-0.3754 0.3780 5.4480
-0.4863 0.5166 5.3254
-0.5793 0.6678 5.2028
-0.6531 0.8292 5.0802
-0.7067 0.9984 4.9576
-0.7391 1.1729 4.8350
-0.7500 1.3500 4.7124
primID: 0
startangle_c: 15
endpose_c: 10 -5 15
additionalactioncostmult: 1
intermediateposes: 10
0.0000 0.0000 5.8905
0.1667 -0.0833 5.8905
0.3333 -0.1667 5.8905
0.5000 -0.2500 5.8905
0.6667 -0.3333 5.8905
0.8333 -0.4167 5.8905
1.0000 -0.5000 5.8905
1.1667 -0.5833 5.8905
1.3333 -0.6667 5.8905
1.5000 -0.7500 5.8905
primID: 1
startangle_c: 15
endpose_c: 2 -1 15
additionalactioncostmult: 1
intermediateposes: 10
0.0000 0.0000 5.8905
0.0333 -0.0167 5.8905
0.0667 -0.0333 5.8905
0.1000 -0.0500 5.8905
0.1333 -0.0667 5.8905
0.1667 -0.0833 5.8905
0.2000 -0.1000 5.8905
0.2333 -0.1167 5.8905
0.2667 -0.1333 5.8905
0.3000 -0.1500 5.8905
primID: 2
startangle_c: 15
endpose_c: -2 1 15
additionalactioncostmult: 1
intermediateposes: 10
0.0000 0.0000 5.8905
-0.0333 0.0167 5.8905
-0.0667 0.0333 5.8905
-0.1000 0.0500 5.8905
-0.1333 0.0667 5.8905
-0.1667 0.0833 5.8905
-0.2000 0.1000 5.8905
-0.2333 0.1167 5.8905
-0.2667 0.1333 5.8905
-0.3000 0.1500 5.8905
primID: 3
startangle_c: 15
endpose_c: 9 -6 13
additionalactioncostmult: 2
intermediateposes: 10
0.0000 0.0000 5.8905
0.1720 -0.0713 5.8905
0.3441 -0.1425 5.8905
0.5161 -0.2138 5.8905
0.6881 -0.2850 5.8905
0.8582 -0.3605 5.7979
1.0146 -0.4611 5.6247
1.1513 -0.5872 5.4515
1.2642 -0.7350 5.2783
1.3500 -0.9000 5.1051
primID: 4
startangle_c: 15
endpose_c: 11 -4 0
additionalactioncostmult: 2
intermediateposes: 10
0.0000 0.0000 5.8905
0.1811 -0.0750 5.8905
0.3622 -0.1500 5.8905
0.5433 -0.2250 5.8905
0.7244 -0.3001 5.8905
0.9055 -0.3751 5.8905
1.0866 -0.4501 5.8905
1.2677 -0.5251 5.8961
1.4552 -0.5811 6.0897
1.6500 -0.6000 6.2832
primID: 5
startangle_c: 15
endpose_c: 8 -7 13
additionalactioncostmult: 2
intermediateposes: 10
0.0000 0.0000 5.8905
0.1691 -0.0700 5.8905
0.3372 -0.1421 5.8395
0.4981 -0.2292 5.7346
0.6490 -0.3326 5.6297
0.7882 -0.4513 5.5248
0.9142 -0.5839 5.4199
1.0256 -0.7290 5.3149
1.1212 -0.8849 5.2100
1.2000 -1.0500 5.1051
primID: 6
startangle_c: 15
endpose_c: 12 -3 1
additionalactioncostmult: 2
intermediateposes: 10
0.0000 0.0000 5.8905
0.1959 -0.0811 5.8905
0.3918 -0.1623 5.8905
0.5876 -0.2434 5.8905
0.7835 -0.3245 5.8905
0.9794 -0.4057 5.8905
1.1770 -0.4822 5.9937
1.3853 -0.5192 6.2211
1.5966 -0.5083 6.4485
1.8000 -0.4500 6.6759
primID: 7
startangle_c: 15
endpose_c: -11 4 0
additionalactioncostmult: 1
intermediateposes: 10
0.0000 0.0000 5.8905
-0.1811 0.0750 5.8905
-0.3622 0.1500 5.8905
-0.5433 0.2250 5.8905
-0.7244 0.3001 5.8905
-0.9055 0.3751 5.8905
-1.0866 0.4501 5.8905
-1.2677 0.5251 5.8961
-1.4552 0.5811 6.0897
-1.6500 0.6000 6.2832
primID: 8
startangle_c: 15
endpose_c: -9 6 14
additionalactioncostmult: 1
intermediateposes: 10
0.0000 0.0000 5.8905
-0.1662 0.0728 5.8487
-0.3291 0.1527 5.8049
-0.4883 0.2397 5.7610
-0.6435 0.3337 5.7171
-0.7945 0.4343 5.6733
-0.9409 0.5415 5.6294
-1.0825 0.6550 5.5855
-1.2189 0.7745 5.5417
-1.3500 0.9000 5.4978
primID: 9
startangle_c: 15
endpose_c: -12 3 1
additionalactioncostmult: 1
intermediateposes: 10
0.0000 0.0000 5.8905
-0.1959 0.0811 5.8905
-0.3918 0.1623 5.8905
-0.5876 0.2434 5.8905
-0.7835 0.3245 5.8905
-0.9794 0.4057 5.8905
-1.1770 0.4822 5.9937
-1.3853 0.5192 6.2211
-1.5966 0.5083 6.4485
-1.8000 0.4500 6.6759
primID: 10
startangle_c: 15
endpose_c: -8 7 13
additionalactioncostmult: 1
intermediateposes: 10
0.0000 0.0000 5.8905
-0.1691 0.0700 5.8905
-0.3372 0.1421 5.8395
-0.4981 0.2292 5.7346
-0.6490 0.3326 5.6297
-0.7882 0.4513 5.5248
-0.9142 0.5839 5.4199
-1.0256 0.7290 5.3149
-1.1212 0.8849 5.2100
-1.2000 1.0500 5.1051
end
